Post Date,Likes,Comments,Hashtags,Engagement
2022-11-01,115,3,"skincare,   naturalconfidence,   beesline,   natureinourcosmetics",118
2022-11-04,269,13,"skincare,   naturalconfidence,   beesline,   natureinourcosmetics",282
2022-11-07,201,3,"skincare,   naturalconfidence,   beesline,   natureinourcosmetics",204
2022-11-09,328,3,"skincare,   sale,   offers,   singlesday,   naturalconfidence,   beesline,   natureinourcosmetics",331
2022-11-10,226,12,"skincare,   sale,   offers,   singlesday,   naturalconfidence,   beesline,   natureinourcosmetics",238
2022-11-13,281,8,"skincare,   sale,   offers,   singlesday,   naturalconfidence,   beesline,   natureinourcosmetics",289
2022-11-14,104,8,"skincare,   sale,   offers,   yellowweek,   naturalconfidence,   beesline,   natureinourcosmetics",112
2022-11-15,88,14,"skincare,   sale,   offers,   yellowweek,   naturalconfidence,   beesline,   natureinourcosmetics",102
2022-11-16,98,7,"skincare,   sale,   offers,   yellowweek,   naturalconfidence,   beesline,   natureinourcosmetics",105
2022-11-17,151,8,"skincare,   sale,   offers,   yellowweek,   naturalconfidence,   beesline,   natureinourcosmetics",159
2022-11-18,45,1,"skincare,   sale,   offers,   yellowweek,   naturalconfidence,   beesline,   natureinourcosmetics",46
2022-11-18,122,12,"skincare,   sale,   offers,   yellowweek,   naturalconfidence,   beesline,   natureinourcosmetics",134
2022-11-19,58,2,"skincare,   sale,   offers,   yellowweek,   naturalconfidence,   beesline,   natureinourcosmetics",60
2022-11-20,90,2,"skincare,   sale,   offers,   yellowweek,   naturalconfidence,   beesline,   natureinourcosmetics",92
2022-11-20,61,1,"skincare,   sale,   offers,   yellowweek,   naturalconfidence,   beesline,   natureinourcosmetics",62
2022-11-21,483,22,"skincare,   sale,   offers,   yellowweek,   naturalconfidence,   beesline,   natureinourcosmetics",505
2022-11-21,86,49,"skincare,   sale,   offers,   yellowweek,   naturalconfidence,   beesline,   natureinourcosmetics",135
2022-11-23,390,13,"skincare,   sale,   offers,   yellowweek,   naturalconfidence,   beesline,   natureinourcosmetics",403
2022-11-26,66,0,"skincare,   sale,   offers,   yellowweek,   naturalconfidence,   beesline,   natureinourcosmetics",66
2022-11-27,112,3,"skincare,   sale,   offers,   yellowweek,   naturalconfidence,   beesline,   natureinourcosmetics",115
2022-11-28,380,14,"skincare,   sale,   offers,   yellowweek,   naturalconfidence,   beesline,   natureinourcosmetics",394
2022-11-30,243,11,"skincare,   sale,   offers,   yellowweek,   naturalconfidence,   beesline,   natureinourcosmetics",254
2022-12-03,184,4,"beesline,   natureinourcosmetics,   skincare,   naturalconfidence,   facemasks",188
2022-12-07,82,1,"beesline,   natureinourcosmetics,   skincare,   naturalconfidence,   moisturize,   cream",83
2022-12-09,651,9,"beesline,   natureinourcosmetics,   skincare,   naturalconfidence,   moisturize,   brightening,   sensitivezone",660
2022-12-12,62,1,"beesline,   festiveseason,   instant_affirmation",63
2022-12-14,283,5,"beesline,   natureinourcosmetics,   skincare,   naturalconfidence,   moisturize,   holiday",288
2022-12-17,396,4,"beesline,   natureinourcosmetics,   skincare,   naturalconfidence,   moisturize,   brightening,   cream",400
2022-12-19,167,3,"beesline,   natureinourcosmetics,   skincare,   naturalconfidence,   moisturize",170
2022-12-21,62,2,"beesline,   natureinourcosmetics,   skincare,   naturalconfidence,   moisturize",64
2022-12-25,111,5,"beesline,   natureinourcosmetics,   skincare,   naturalconfidence,   moisturize",116
2022-12-28,232,5,"beesline,   natureinourcosmetics,   skincare,   naturalconfidence,   moisturize",237
2022-12-31,77,0,"beesline,   natureinourcosmetics,   newyear,   naturalconfidence",77
2023-01-03,89,0,"beesline,   natureinourcosmetics,   naturalconfidence,   rollon",89
2023-01-05,161,8,"beesline,   natureinourcosmetics,   naturalconfidence,   lipbalm",169
2023-01-17,484,8,"beesline,   natureinourcosmetics,   naturalconfidence,   morningroutine,   skincare",492
2023-01-21,263,30,"beesline,   natureinourcosmetics,   naturalconfidence,   sunscreen,   skin",293
2023-01-23,127,5,"beesline,   natureinourcosmetics,   naturalconfidence,   deodorant,   skin",132
2023-01-26,59,0,"beesline,   natureinourcosmetics,   naturalconfidence,   skincare",59
2023-01-29,436,12,"beesline,   natureinourcosmetics,   naturalconfidence,   skincare,   lipcare",448
2023-02-02,127,3,"beesline,   natureinourcosmetics,   naturalconfidence,   skincare,   moisturize",130
2023-02-05,356,18,"beesline,   natureinourcosmetics,   naturalconfidence,   skincare,   moisturize,   bright",374
2023-02-08,177,7,"beesline,   natureinourcosmetics,   naturalconfidence,   skincare,   moisturize,   sunscreen",184
2023-02-11,56,1,"beesline,   natureinourcosmetics,   naturalconfidence,   skincare,   moisturize,   launch",57
2023-02-14,142,2,"beesline,   natureinourcosmetics,   naturalconfidence,   skincare,   moisturize,   sensitivezone",144
2023-02-17,341,15,"beesline,   natureinourcosmetics,   naturalconfidence,   skincare",356
2023-02-21,115,0,"beesline,   natureinourcosmetics,   naturalconfidence,   skincare",115
2023-02-23,236,6,"beesline,   natureinourcosmetics,   naturalconfidence,   skincare",242
2023-02-27,228,27,"beesline,   natureinourcosmetics,   naturalconfidence,   sunscreen,   protection",255
2023-02-28,260,0,"beesline,   natureinourcosmetics,   naturalconfidence,   skincare",260
2023-03-04,292,7,"beesline,   natureinourcosmetics,   naturalconfidence,   skincare",299
2023-03-07,240,10,"beesline,   natureinourcosmetics,   naturalconfidence,   skincare",250
2023-03-08,187,2,"beesline,   natureinourcosmetics,   naturalconfidence,   skincare,   womensday,   women",189
2023-03-10,287,16,"beesline,   natureinourcosmetics,   naturalconfidence,   skincare,   womensmonth",303
2023-03-13,467,27,"beesline,   natureinourcosmetics,   naturalconfidence,   skincare,   womensmonth,   rollon",494
2023-03-16,108,5,"beesline,   natureinourcosmetics,   naturalconfidence,   skincare,   womensmonth,   rollon",113
2023-03-19,102,3,"beesline,   natureinourcosmetics,   naturalconfidence,   skincare,   womensmonth",105
2023-03-21,120,2,"beesline,   natureinourcosmetics,   naturalconfidence,   skincare,   womensmonth,   mothersday",122
2023-03-22,76,1,"beesline,   natureinourcosmetics,   naturalconfidence,   skincare,   ramadankareem",77
2023-03-25,139,10,"beesline,   natureinourcosmetics,   naturalconfidence,   skincare,   ramadankareem",149
2023-03-27,167,7,"beesline,   natureinourcosmetics,   naturalconfidence,   skincare,   ramadankareem",174
2023-03-29,179,13,"beesline,   natureinourcosmetics,   naturalconfidence,   skincare,   ramadan",192
2023-04-01,215,11,"beesline,   natureinourcosmetics,   naturalconfidence,   skincare,   ramadan",226
2023-04-04,172,5,"beesline,   natureinourcosmetics,   naturalconfidence,   skincare,   ramadan",177
2023-04-07,288,17,"beesline,   natureinourcosmetics,   naturalconfidence,   skincare,   ramadan",305
2023-04-10,884,42,"beesline,   natureinourcosmetics,   naturalconfidence,   skincare,   ramadan,   rollon",926
2023-04-13,88,7,"beesline,   natureinourcosmetics,   naturalconfidence,   skincare,   ramadan,   sunscreen",95
2023-04-17,247,8,"beesline,   natureinourcosmetics,   naturalconfidence,   skincare,   ramadan",255
2023-04-20,127,5,"beesline,   natureinourcosmetics,   naturalconfidence,   skincare,   ramadan",132
2023-04-22,42,1,"beesline,   natureinourcosmetics,   naturalconfidence,   skincare,   earthday",43
2023-04-25,142,11,"beesline,   natureinourcosmetics,   naturalconfidence,   skincare,   hydration",153
2023-04-27,175,18,"natureinourcosmetics,   naturalconfidence,   skincare,   passtheglow",193
2023-05-02,663,33,"beesline,   natureinourcosmetics,   naturalconfidence,   skincare,   passtheglow",696
2023-05-02,4785,167,skinfirst,4952
2023-05-03,1255,210,skinfirst,1465
2023-05-05,278,14,"beesline,   natureinourcosmetics,   naturalconfidence,   skincare",292
2023-05-08,445,45,"beesline,   natureinourcosmetics,   naturalconfidence,   skincare,   rollon,   deodorant",490
2023-05-10,24502,456,"morning,   routine,   skincare,   micellarwater",24958
2023-05-10,84849,310,skinfirst,85159
2023-05-12,284,1,"skincancer,   beesline,   skincare,   skincancerawarnessmonth",285
2023-05-15,68928,1005,"skinfirst,   nightroutine,   gurme,   grwm,   skincare,   iraq",69933
2023-05-15,80,3,"beesline,   natureinourcosmetics,   skincare,   beeday,   natural,   beegan",83
2023-05-18,307,0,"beesline,   natureinourcosmetics,   natural,   beeday,   beegan",307
2023-05-20,173,0,"beesline,   worldbeeday,   wildbeeconservation,   beegan,   beesline",173
2023-05-23,78,0,"natureinourcosmetics,   naturalconfidence,   skincare,   passtheglow",78
2023-05-24,93,5," passtheglow,   natureinourcosmetics,   naturalconfidence,   skincare,   passtheglow",98
2023-05-25,1808,55,passtheglow,1863
2023-05-26,496,59,"beesline,   natureinourcosmetics,   naturalconfidence,   skincare,   passtheglow",555
2023-05-26,130,0,"beesline,   natureinourcosmetics,   naturalconfidence,   skincare,   passtheglow",130
2023-05-27,262,24," passtheglow,   beesline,   skincare,   passtheglow",286
2023-05-28,796,32,"beesline,   natureinourcosmetics,   naturalconfidence,   skincare,   passtheglow",828
2023-05-29,99,2,"beesline,   natureinourcosmetics,   naturalconfidence,   skincare,   passtheglow",101
2023-05-30,201,8,"beesline,   natureinourcosmetics,   naturalconfidence,   skincare,   passtheglow",209
2023-05-31,33878,311,skinfirst,34189
2023-06-01,119,4," passtheglow,   beesline,   skincare,   instantbright",123
2023-06-01,119,2,"beesline,   passtheglow,   instant_bright",121
2023-06-02,264,15,"beesline,   natureinourcosmetics,   naturalconfidence,   skincare,   passtheglow",279
2023-06-02,264,7,"skincare,   naturalconfidence,   beesline,   natureinourcosmetics,   passtheglow",271
2023-06-03,278,25,"beesline,   natureinourcosmetics,   naturalconfidence,   skincare,   passtheglow",303
2023-06-03,278,8,"skincare,   naturalconfidence,   beesline,   natureinourcosmetics,   passtheglow",286
2023-06-05,141,6,"beesline,   natureinourcosmetics,   naturalconfidence,   skincare,   passtheglow",147
2023-06-05,98,2,"beesline,   beegan,   wildbeeconservation,   guardiansofthewild,   youngguardians",100
2023-06-05,98,1,"beesline,   beegan,   wildbeeconservation,   guardiansofthewild,   youngguardians",99
2023-06-05,141,4,"skincare,   naturalconfidence,   beesline,   natureinourcosmetics,   passtheglow",145
2023-06-07,300,10,"beesline,   passtheglow,   instant_bright",310
2023-06-07,300,22,"beesline,   instantbright,   passtheglow",322
2023-06-08,291,25," beesline,   skincare,   passtheglow,   eyecream",316
2023-06-08,291,12,"beesline,   passtheglow,   skincare",303
2023-06-09,124,2,"beesline,   skincare,   passtheglow",126
2023-06-09,124,1,"beesline,   passtheglow,   skincare",125
2023-06-12,341,5,"beesline,   passtheglow,   skincare",346
2023-06-12,341,12,"beesline,   skincare,   passtheglow",353
2023-06-15,163,4,"instant_bright,   beesline,   passtheglow,   skincare",167
2023-06-15,163,8," passtheglow,   beesline,   skincare,   instantbright",171
2023-06-17,129,6,"beesline,   skincare,   instantbright,   passtheglow,   micellarwater",135
2023-06-17,129,3,"instant_bright,   beesline,   passtheglow,   skincare,   micellarwater",132
2023-06-18,419,19,"beesline,   skincare,   instantbright,   passtheglow",438
2023-06-18,419,9,"instant_bright,   beesline,   passtheglow,   skincare",428
2023-06-22,125,5," passtheglow,   beesline,   skincare,   instantbright,   passtheglow,   glowserum",130
2023-06-22,125,3,"instant_bright,   beesline,   passtheglow,   skincare",128
2023-06-23,92,3,"beesline,   skincare,   instantbright,   passtheglow",95
2023-06-23,92,3,"instant_bright,   beesline,   passtheglow,   skincare",95
2023-06-25,253,4,"instant_bright,   beesline,   passtheglow,   skincare,   glowserum",257
2023-06-25,253,6,"beesline,   skincare,   instantbright,   passtheglow,   glowserum",259
2023-06-26,116,7,"beesline,   skincare,   instantbright,   passtheglow",123
2023-06-26,116,5,"instant_bright,   beesline,   passtheglow,   skincare",121
2023-06-27,176,8,"beesline,   skincare,   instantbright,   passtheglow,   micellarwater",184
2023-06-27,176,4,"instant_bright,   beesline,   passtheglow,   skincare,   micellarwater",180
2023-07-02,725,9,"instant_bright,   beesline,   passtheglow,   skincare",734
2023-07-03,176,4,"instant_bright,   beesline,   passtheglow,   skincare",180
2023-07-05,113,0,"instant_bright,   beesline,   passtheglow",113
2023-07-07,173,0,"instant_bright,   beesline,   passtheglow",173
2023-07-11,207,1,"instant_bright,   beesline,   passtheglow,   skincare",208
2023-07-11,1710,22,"instant_bright,   beesline,   ad",1732
2023-07-13,327,3,"instant_bright,   beesline,   passtheglow,   skincare",330
2023-07-16,120,3,"instant_bright,   beesline,   PassTheGlow",123
2023-07-18,87,0,"instant_bright,   beesline",87
2023-07-19,2042,119,"instant_bright,   beesline,   ad",2161
2023-07-20,436,43,"instant_bright,   beesline",479
2023-07-23,64,2,"passtheglow,   _,   beesline,   skincare,   instantbright,   eyecream,   passtheglow",66
2023-07-25,109,0,"beesline,   instantbright,   cleanser",109
2023-07-28,876,27,"beesline,   ad,   passtheglow,   instantbright",903
2023-07-28,254,4,"beesline,   skincare,   passtheglow,   ,   _",258
2023-07-31,153,9,"beesline,   instantbright,   passtheglow",162
